3 100
5
1 2 3 4 5 1 
6 7 8 9 10 2
11 12 13 14 15 3
16 17 18 19 20 4
21 22 23 24 25 12
3
1 5 9 1
3 4 7 3
2 6 8 8
87
4347 4623 6261 2225 2289 5898 1326 1667 7156 3901 1131 5927 5862 7222 6417 7344 5173 4292 1998 1682 1993 1165 5708 5325 6244 7275 3903 5570 7337 7184 3648 7051 4987 3297 6175 538 1935 3426 3031 3291 4615 7102 5009 2526 4762 3533 5346 6444 2716 4673 4163 2836 3556 5463 6106 6432 7541 939 6075 4663 986 798 3477 3148 4032 3197 6646 5973 1495 7210 3887 4043 4321 1086 6904 2972 4058 1580 5979 2817 1991 4551 1668 3499 5585 6763 3030 0
5641 4676 1581 6388 5546 7515 2556 3437 941 4475 2129 2508 6766 115 6361 7109 1805 7485 4282 2938 4974 3692 4783 173 5270 5333 2458 1919 4233 2091 1726 2043 4923 2505 2153 2485 1543 1062 3179 931 6633 2279 1895 5127 3985 2263 7537 2570 1134 2686 2531 5694 7358 2524 5095 5539 791 1431 1675 4975 2825 2283 2227 2629 4325 3769 2658 6948 5313 4526 108 929 7165 5909 960 1818 2813 6733 1775 4825 508 1282 3793 6623 2396 2989 1829 0
6337 1138 2943 5419 3046 1960 6450 653 4082 400 6990 4441 4002 4597 3134 3511 5487 811 1571 3956 2327 6810 3854 4393 3028 686 4607 207 6110 7121 1972 2933 6991 6353 7017 244 3313 4866 6248 5304 4744 3838 2611 4784 4236 7469 2165 5761 757 5404 2557 2942 1632 2275 2168 2975 2919 4896 1521 6048 4091 7110 7047 2430 1504 47 4532 6257 6132 6178 1483 6487 6515 6441 1305 5622 3088 4706 4184 1088 649 1846 4152 7081 1125 3401 6311 0
3381 2109 4123 4158 2888 110 1443 3033 564 295 7336 4930 3492 476 1780 4231 5952 5472 6674 2427 4924 1452 4415 2319 5233 3157 7470 6638 1395 6389 1578 1073 1894 7563 7308 2094 2814 5633 162 6557 5437 2764 3208 4802 1294 6974 3910 233 5320 4506 4842 1939 4843 7058 818 2553 3632 528 5221 1929 499 1611 7495 844 6017 1793 3505 5082 3181 3898 5977 2339 1955 6778 2544 2257 2175 6663 1044 2309 7450 1936 6876 6627 5831 334 2025 0
6618 3289 5014 2028 7152 2935 738 5318 3742 2081 6372 1885 469 1054 4837 2709 1625 2881 6847 846 2867 5905 4093 7125 5864 3337 4741 3908 2756 3180 3130 5696 6995 1007 1516 280 2862 5216 6074 4692 1206 6494 928 181 2496 4716 3779 230 1135 2642 5636 2151 6690 3965 802 5550 3135 1626 5181 1101 809 3791 5571 1820 4360 2422 5212 1615 3685 4955 1992 1872 2431 4353 7107 1670 4587 6335 1195 7009 3557 7502 249 7105 2720 5395 5681 0
1657 6211 3516 4509 2831 830 2107 3679 5260 2666 5682 2294 6457 2618 7431 2400 6458 5582 2188 2436 4232 5345 5646 4710 2379 2659 7404 4726 7361 5955 1995 6104 4211 236 1312 2573 5171 1222 5185 3153 1276 1453 5626 1187 6976 3523 241 7352 377 1341 2353 4447 7351 4160 1224 4239 6861 5017 3377 4449 3616 2726 2336 6368 1864 7155 7112 7417 123 5074 2727 4100 1489 2770 6471 4378 5351 19 6286 742 5128 1558 870 6647 2411 3703 202 0
3534 6563 1701 7402 1616 2035 1685 5735 2076 648 4350 6227 2395 1424 101 2117 3296 694 2877 2186 7511 5842 5619 2152 3800 3563 2284 5758 5314 3348 4861 2434 2871 4702 716 5796 3881 7179 3818 4887 2621 1127 2547 688 5131 6278 2351 6459 6715 3451 1568 6554 5924 690 3 2468 5291 5022 7379 665 6164 2546 263 3578 4864 6696 6601 6662 4605 661 2781 3705 3393 6527 3819 5592 3934 4427 1503 7232 2073 3940 6691 3778 37 2609 7106 0
1637 2879 1106 2982 2626 943 168 4544 6341 319 7206 6854 5855 203 1603 6166 6875 4769 819 7303 6154 479 3977 898 3380 746 6998 4879 1985 3909 5268 2779 748 88 2952 4177 5631 862 2805 2627 3891 736 1328 5704 3059 6398 2649 509 124 4621 7307 4279 1746 7250 4771 1463 4573 5191 6088 258 6467 2437 1441 1706 1514 7362 4187 6453 3660 6603 3950 4445 437 3676 4439 6833 2734 4159 4870 6949 4119 7200 3052 109 7341 3166 3859 0
1879 7505 41 693 2120 7092 4516 2085 2119 5987 1079 6129 5533 3834 6369 4696 527 521 4059 5080 5236 4495 6473 4013 1262 6669 5361 1012 3347 583 5048 6197 6521 7186 5544 5153 5190 7522 1617 138 2474 864 6888 5504 4389 1449 1700 4909 5103 7429 4005 3502 7325 42 6063 3751 3619 5551 4770 1071 3016 6645 136 2469 2685 3087 5839 13 7228 3053 1847 69 2101 7284 7076 1779 3927 6091 7350 265 2064 7128 6639 7411 374 142 1249 0
3206 2939 2585 26 1759 4213 1236 3481 5985 4413 7544 853 6454 3035 1459 1025 6250 5169 1807 467 3961 2133 1365 2791 1666 1677 4313 6362 6231 3520 6147 7425 4567 1753 6543 1602 2997 3043 2355 5170 585 2914 1041 6296 392 12 1707 2013 7084 1418 800 402 4804 5440 4819 4948 3514 5673 5040 4565 1254 4394 387 4289 861 3796 1817 6455 7527 4677 5568 2613 5202 6187 5782 3082 2197 273 1003 6027 6622 3364 2563 3878 2441 2634 1207 0
2643 1014 666 6632 4225 5249 2497 3665 2426 5950 1363 2703 6773 3683 7269 5386 4949 489 5882 1281 2477 5089 6874 3670 5558 2343 6553 7133 4830 2449 7466 73 3138 6298 4241 2515 3548 2317 4787 6291 307 5087 2217 1240 5391 837 5610 2712 6100 1258 2201 4092 7357 5308 45 2215 4430 5764 3879 2554 3442 3331 6289 7458 1487 4183 7027 616 2561 5412 5094 6021 1268 1811 1856 6593 6390 685 3485 4941 2786 3000 6555 2373 3216 4129 6504 0
4220 3717 2560 413 2591 4653 1819 3424 1727 2155 2059 2075 4235 5442 3079 3594 5462 1299 644 6080 5226 7301 403 903 7524 4145 4704 5700 7004 5804 4968 1918 2070 7406 5722 1151 6143 1910 5005 1322 1878 6037 3215 747 1997 756 2765 1367 3939 1945 356 250 5930 5713 2584 2392 3792 1608 5789 3406 2077 4322 6597 3270 5937 5246 7290 3459 6273 4385 3855 1216 52 3782 3874 2145 1977 5897 5214 2843 4339 5279 6929 2534 3233 2106 2105 0
6620 3032 2887 947 4072 3976 2095 3572 2061 2752 6650 7012 6509 4500 5737 2255 6381 1191 730 4713 3266 4901 630 4563 5172 5252 1486 2583 7061 5150 134 3394 485 2715 4049 4818 186 5299 5375 5948 3034 2424 2036 6128 7024 851 7276 7135 2993 5826 4176 5250 84 5418 4728 4436 4260 6643 188 2691 4011 6705 790 5748 1471 3863 2672 5486 2385 7191 2971 3900 3412 3170 948 806 3662 3310 532 2653 5458 6169 6531 5090 6340 2173 6036 0
310 3831 4037 6911 2052 6952 7440 1021 222 3851 7333 5580 2936 3073 3765 5337 2380 5763 777 6295 1456 5702 907 5132 3286 6402 3864 4944 4856 409 2416 7007 2866 6105 1594 6249 2668 5721 3699 4192 3356 6694 5759 5788 6862 3639 5768 6686 1708 4370 2389 3756 1933 1303 3929 5407 6921 330 5230 3283 6757 1323 794 912 6254 3642 1035 6796 1385 2472 5267 5655 4805 4372 854 2221 5502 3608 4296 4575 5857 235 4165 2976 7327 2738 4469 0
6280 1823 4518 6692 6613 2247 526 391 889 3024 1863 3967 7446 4752 1528 2083 3276 722 6714 4365 5360 974 361 1545 1069 3496 6210 2576 6626 4970 225 500 2802 6019 3075 3335 962 4727 2370 958 5798 5949 6192 4461 6436 7418 1162 6184 1444 7216 4616 5894 2698 5058 5781 2864 2592 7394 3814 7376 2169 5000 11 7490 1403 824 4101 2755 1359 2097 388 1313 7218 2536 2602 6636 5667 4767 6333 3931 6049 1911 1651 990 7239 1609 4290 0
991 4301 1614 335 575 5488 3344 5920 3617 721 5933 3097 866 1950 668 6223 1031 6667 2890 5678 4718 5030 5717 1520 651 4793 7561 3365 856 7483 5615 1904 7079 2193 2 4494 1540 5262 1470 4640 2478 5947 5820 4238 2450 4667 7145 6170 5707 4156 439 7494 2412 1834 6001 6905 1511 6070 3720 3105 5744 2984 4234 6516 3951 6519 412 1053 2366 3506 5362 4661 3682 4556 1854 7235 1405 834 4951 286 3188 7550 3168 7006 5316 2490 5517 0
6200 1705 6416 7385 3781 2390 2999 1200 4467 7028 2293 2311 3285 4902 664 1278 1990 6479 3830 1130 4479 5041 1898 3413 2265 6305 5435 6498 6939 5427 54 4042 7189 6869 5809 6218 5805 1114 801 3154 2414 4097 6791 5293 3178 6567 6195 920 4035 5145 457 1806 4797 6591 5209 4348 1499 1058 4729 3054 2001 3329 6329 3529 7011 7099 5966 5155 1498 2377 1454 581 6868 5055 2037 6262 1057 2130 5220 1810 3191 4596 4913 769 2347 3122 3327 0
7314 3142 6866 4655 3308 6344 1501 3226 4284 2885 930 6 7127 425 6405 5207 4989 4246 7523 3626 6495 3638 6092 1332 4036 4418 3884 2854 3583 3388 5189 5583 3990 1665 5211 4757 1567 5901 2121 2114 6642 3862 4827 1678 6742 7257 358 4568 3757 4576 2135 4300 1233 2519 6712 6950 1861 4010 2495 6844 5684 5416 6784 5178 1103 4561 924 6819 187 4674 5301 4593 1618 4521 2123 1178 4356 6872 3264 6588 6724 3840 876 473 6510 4530 427 0
966 4271 7345 6452 2807 3100 6275 4877 5281 2981 4450 6701 3897 7503 557 5059 6835 224 3086 502 2957 6421 5569 7306 7566 5429 6575 3268 6415 7311 2724 2486 6628 895 4816 6780 6850 2249 1506 7438 1286 5778 341 4174 5774 981 1629 723 3238 7224 5706 6574 2513 3132 2149 5469 4046 3200 3027 4421 1596 4214 2963 1868 306 6238 1889 375 633 4265 6577 5847 4580 857 398 6945 1356 3603 1755 6560 6315 2258 2354 5011 5448 2674 3224 0
1982 4656 4790 5743 3281 7160 6772 1526 3420 2144 5193 5138 3731 3551 3403 2230 2630 2974 2274 7519 1832 492 2607 6409 5587 1029 1378 3610 5136 1469 2220 1228 1573 254 6753 4638 5709 7262 7039 7285 6020 2595 894 3065 3129 4379 5733 827 3509 2506 5444 3487 5521 7551 7142 1355 5797 2635 450 5156 2680 4666 4304 2251 5273 6533 2646 3277 6051 6144 6493 963 647 3987 4973 3833 2171 1318 2998 3430 7297 6768 910 2777 5146 5946 3458 0
329 7447 568 3092 408 1822 1196 4960 7520 4919 4030 3770 7525 3085 3943 5277 3288 3645 2754 256 2007 511 2564 5664 1554 5669 6131 5371 6252 7407 4431 2880 4140 5355 2126 5422 2525 4390 1361 6059 6781 3004 1757 717 2244 4628 5505 7397 2340 2661 1743 3375 3019 2966 5581 141 3440 4950 2267 2047 6420 3930 3532 632 4329 3741 6085 7177 1739 5561 3039 5981 642 4044 984 3165 1542 481 251 7162 3036 5765 2316 3983 1344 4114 1867 0
2728 2581 5336 6524 2953 2454 6226 1824 5364 5079 4273 2793 5755 1497 6163 549 3666 2266 5018 4466 7287 7424 4929 7281 4734 6439 4401 4659 1055 3455 4483 4105 6725 178 5032 5535 5538 2662 220 7370 2162 5624 6264 5652 1731 7089 6585 2541 3754 6087 1339 1121 6787 3837 288 3471 5174 4111 696 1482 1536 7332 3513 3117 1604 5838 918 2593 3809 4763 6870 3764 1938 6845 2243 3411 5498 5376 1662 3892 5324 3360 6116 4496 3113 5911 4515 0
2326 5970 5072 745 5803 7392 3915 2004 5263 2518 4917 342 1229 7130 2045 625 4167 1886 1574 3882 7234 3009 2964 675 1450 1906 3384 1959 78 201 1719 6700 697 7342 3328 3712 7085 2401 6859 1231 6232 2973 5101 4622 1831 6433 5993 4137 4338 1158 3969 1842 7476 1080 7054 5769 6914 5858 446 2838 484 3358 5016 1107 5621 1794 3947 4654 4892 3183 3239 5543 2641 967 3877 1963 3984 5107 6443 3698 1465 7192 2816 1597 447 5710 872 0
5714 5983 7273 7077 4829 1159 2272 7193 363 5284 554 2723 5122 1901 7045 4242 3753 6602 803 5840 1347 3062 345 4345 323 2682 7334 1850 7 5865 1587 6786 5050 6145 5232 7493 3668 6320 706 3773 4910 2480 7166 3186 7080 5057 5879 6803 4038 262 2845 2596 451 6255 5963 1394 2132 3917 7104 367 550 316 916 1317 4021 3143 2758 7100 4646 4493 3524 6062 2924 6718 7398 1169 6165 245 3150 3119 5390 3235 1988 5228 5922 7044 5083 0
4078 3408 3041 768 617 1211 5164 1550 6396 6392 5161 1681 992 1749 1373 6468 5432 4425 6018 7309 6758 5918 7517 7213 6157 975 3723 4525 3271 6704 6671 6615 7236 1841 2995 3802 3941 3835 2771 1290 183 5944 2500 5215 2722 7408 4690 2645 623 602 4221 2318 2996 6771 1161 3005 7060 1623 3584 5719 6102 7348 1083 2232 5489 5061 6657 597 5388 4755 829 2670 1458 7003 6672 6681 2985 3445 2444 970 6640 882 3912 6932 3714 1273 4381 0
2979 5051 2745 5867 1001 4316 1309 6755 165 997 4614 724 4320 4682 5414 5292 6040 318 5283 3657 30 3418 3704 1711 267 34 5617 2459 3963 2051 4298 1921 3760 972 6078 3522 6015 302 3273 212 2725 4121 248 4202 6992 4404 4966 6097 4492 6614 2721 3743 1234 6654 1407 6345 3307 309 4411 1473 1360 1136 5594 1710 821 6966 4491 1377 4194 6734 934 6544 67 3444 2523 3017 3767 5259 2017 1257 2022 6476 5377 5853 4883 7182 6183 0
7439 7042 3326 2463 3320 2920 418 213 5020 1893 2481 875 4635 6562 5133 68 7108 153 1687 2811 3214 3785 4760 2198 2148 979 2011 6373 3309 1770 164 1081 440 5097 424 774 658 3899 3173 2861 6815 4954 1227 5794 3539 3672 6076 3689 4644 3716 5508 805 5661 7038 3869 2543 662 6394 5742 4585 6572 3958 3936 6834 1928 900 1897 1398 3098 6113 5310 608 4600 1192 1537 2363 1168 1660 5974 2582 4426 770 2452 1153 6472 2859 7253 0
5942 2882 6571 3067 638 4683 541 3759 1975 4736 2873 1733 1246 1399 810 3937 795 1285 6413 6953 6336 3210 2893 1436 196 145 4613 3372 1412 4015 3981 4809 3953 7086 2039 3739 3184 4562 4026 4006 4643 954 2368 1984 7442 32 4171 4004 4366 624 6848 3629 3661 1406 7093 7246 4330 5367 6121 3244 3675 3201 5784 5495 884 1729 7123 7119 2456 5639 1655 5906 2358 4131 3680 3758 3196 51 6270 5756 2610 3357 7208 3199 2182 2510 5659 0
482 2435 7255 1346 6316 6290 1376 5697 2438 1179 2124 3355 2021 6656 4269 6522 6634 4631 3746 5586 1718 5372 3368 2730 94 2218 2944 5302 3465 7055 5075 3392 7343 5201 6299 2597 5163 4976 5466 5328 4007 1765 3404 2322 4334 2654 6917 6463 2751 3601 7243 6797 2237 1656 6056 5854 6044 636 5630 871 7378 2700 1748 7000 3495 4341 5814 4577 6915 6529 7310 4144 5219 2332 5119 6208 4642 197 4541 2010 2325 1676 5461 7050 1423 6839 5776 0
7094 3634 5499 7114 4009 4558 5 3128 859 7487 673 512 419 5129 4724 3964 5503 2956 7212 4714 3651 4410 4248 1642 1183 2852 347 1903 5430 968 6878 3304 4522 6246 1292 759 2970 7546 5941 5398 4272 4309 1624 949 5620 7386 792 3535 1203 303 5081 7283 442 4408 4699 4335 2420 678 1946 5732 242 5590 6706 7464 326 1380 66 4719 6079 104 2800 3975 2086 6139 606 3655 1857 2015 4459 7158 5025 5720 6177 2620 1813 5426 603 0
1005 2761 5822 3480 5600 2134 5701 5275 5791 5523 152 5300 6865 731 5100 2796 1018 515 2301 5902 1915 6783 59 1585 4531 1219 3750 5116 4057 5699 778 5467 65 1672 5176 2945 7516 5124 964 5393 6260 3719 2005 5536 969 5445 6448 6161 6511 1331 7488 5396 6427 5366 5578 2782 6685 5542 7031 1244 7501 4090 3232 7066 394 7088 3832 4012 952 5648 4066 7518 7122 4503 2571 6838 906 1740 5632 6466 7026 7068 1994 6989 4477 1194 2760 0
6703 4070 1296 3797 6352 6162 7359 1050 6008 1598 1464 6050 6586 7298 4908 6812 7185 105 1481 6094 2406 5198 4060 7020 923 2403 370 2819 6460 2040 312 293 6793 961 6899 3625 2308 1109 797 7229 2860 2259 5385 7364 169 4933 4813 209 596 7382 5356 3069 3775 6089 2684 4142 290 2082 4178 5108 5939 6229 5465 2604 1381 1163 3111 6292 6339 2657 221 3808 2185 5400 6739 807 7474 2778 6931 5296 6240 1223 6566 7428 2375 4196 232 0
36 6535 62 4590 4199 5562 7113 7318 1015 4529 7535 6319 278 1798 3161 2335 2254 5349 6829 44 3923 5808 6782 471 506 7330 1384 5907 5117 2137 2418 4548 4863 4456 6660 7199 2413 850 6964 415 4980 6038 6684 3841 7016 1396 6583 4886 1428 3176 3432 1837 2253 449 6198 4454 1215 3844 536 1784 4972 2012 3649 3995 1652 3928 320 4781 2937 5689 7272 4812 5935 5575 3096 2417 1745 2514 4368 268 6596 292 2792 1173 2743 4952 5526 0
7138 5749 1937 3942 787 5790 4502 3489 4064 5363 2694 5312 4122 1639 193 7412 1293 6354 980 3637 7441 327 1808 6055 1978 2187 3565 55 6124 2617 5900 7326 103 680 5507 2277 4754 2100 3118 5921 2442 5524 534 6217 914 6666 3631 6431 1358 2987 1761 2665 544 5936 1914 6321 5002 1451 4900 6541 3227 6308 4008 1949 2461 5326 1557 5811 1966 1661 4125 1600 6318 5451 5662 4582 4899 2830 5910 4488 6505 982 751 4603 3147 177 5168 0
7346 612 1644 195 2093 488 3952 7300 3305 1873 6199 5965 2190 2348 5775 1999 5871 5506 2624 1896 5913 5443 994 5519 3932 206 3219 2977 3145 3828 7247 1217 3332 3935 5085 1825 5459 4264 1337 5816 5861 2484 4808 3189 2299 5199 7120 332 1277 2179 1836 1870 3960 7554 6610 6590 5603 3569 6374 6377 6895 5120 7226 7457 5288 353 3439 5597 2088 1840 184 3256 5964 2647 3554 5208 5559 87 5647 5456 869 120 1702 615 3274 6241 735 0
639 2891 5576 1414 1232 1099 4293 3647 1680 4833 2183 5613 3284 3870 1593 2711 4089 6002 1108 6711 2466 4632 868 4935 2962 2057 5512 4878 5065 1692 6099 858 7067 6279 6171 710 4533 1022 4218 7258 5071 2789 7181 5350 5951 2248 7169 2905 7347 2577 2737 6693 4115 1368 360 6867 96 3104 6188 4874 3001 338 3774 5982 5746 6767 4245 3102 4859 4528 4243 3810 5453 4164 6410 2535 1100 3431 5675 610 599 3652 6492 6730 4869 2409 1564 0
6679 4947 3236 7295 1185 6938 6630 6897 111 574 7217 5716 4340 7278 7305 682 5166 7267 2359 1926 4065 3446 3185 4191 5739 817 5845 2103 4440 6506 4803 1974 897 7557 3470 6546 3970 3575 3747 6798 959 4796 5687 4743 6695 1475 4169 7263 729 6158 1032 4748 5086 2372 1892 6743 6760 4630 5726 7134 2785 2455 3842 1175 3080 4230 3423 6317 1446 699 3959 3526 1789 2138 1040 2024 3614 2766 1858 1796 2147 4402 3275 3278 2439 2475 6641 0
2361 7549 6499 1513 1750 4560 6263 4700 3449 4134 5144 6988 4150 2736 5004 5251 3560 1000 1792 6576 2849 767 5332 6281 6069 4946 4517 4480 5885 504 1881 7256 816 3325 6864 6031 3566 2493 5044 2545 438 6330 7176 7405 3429 7254 5623 7368 7338 2757 5688 1844 3620 6401 7365 4136 1218 2222 1090 5813 4227 6470 7131 2296 1111 1772 5187 5670 2391 2552 5995 3319 4746 6168 6480 5665 6960 7530 6747 1773 3852 7291 3635 3026 2264 5611 1348 0
4270 5618 591 5158 1440 5073 4876 3710 1610 3600 5149 5886 7103 97 5731 764 1699 2912 2900 5012 5978 3709 480 3414 5887 5703 1077 1751 2233 4703 4983 4849 604 5231 4069 7057 7430 2000 4664 4387 2068 3198 3748 2087 2542 2314 6855 1288 590 4254 7164 3103 4850 709 6363 5723 2099 2898 226 766 737 2559 3902 1641 1809 7198 6294 4865 6142 4367 4039 1912 3397 2058 6600 461 6709 4535 6926 3390 4267 1507 6428 7040 4052 1372 7238 0
2822 4501 2934 3636 6892 7118 147 2951 1556 2245 3230 7396 5565 7547 4075 6668 7414 1633 6722 537 6608 4139 4237 674 7401 2330 7052 2328 3463 7323 2980 637 294 4352 2763 955 214 4109 7400 3507 1835 3586 3979 5819 4333 2927 2055 4904 6011 3847 448 3788 1357 1269 6120 3805 3338 4216 1160 3826 6820 4476 3537 6532 7259 621 6561 6096 1045 6034 1500 3175 7454 3729 1362 7416 151 6501 4018 5663 3518 1308 775 3257 5237 6220 5329 0
2656 2568 1691 584 6395 542 6545 4025 6403 3382 6507 6125 919 441 269 3885 4256 1379 1132 4574 3362 4193 490 2615 7149 5553 3091 2268 2159 6041 3311 4839 3906 3597 1366 7366 107 5754 4651 3351 40 6496 1401 6107 1635 6999 2399 5969 838 190 6216 1653 4636 2930 291 5478 3997 1342 7448 116 4179 3628 2212 7209 5895 5591 6137 4223 5134 137 6422 6243 4327 6873 577 7500 7168 5319 2499 2034 208 4591 2177 4681 1371 3811 2002 0
1583 6605 3843 113 4858 1572 5278 5609 6356 3700 5485 3448 1800 5223 1325 1402 7288 4462 1242 1427 3099 2773 2270 331 7506 279 4926 3737 2638 1535 1048 1078 4914 6944 2404 6133 322 1769 772 6343 2394 2588 3889 7196 6488 5628 340 1782 1852 5165 1821 483 2408 4967 4697 5835 5405 1104 4086 140 7117 7478 7286 6500 7480 3292 6247 6400 2968 3376 5996 6740 1965 3433 3694 2163 1628 4349 6549 6160 6205 2140 6072 5159 495 5479 705 0
6233 4268 4539 5031 7013 1129 5881 7353 6831 601 5549 7221 6474 5824 81 1430 7491 6826 784 275 4799 5680 3146 993 1324 4921 3131 2875 1523 4660 3468 5021 2313 4855 1524 7568 3803 4299 4538 1973 5383 3763 4362 5069 4737 741 2899 6808 6526 7073 3020 365 5925 3896 6349 1563 6580 3350 4104 5431 2846 1916 3865 346 749 379 1760 3658 2676 3839 1943 2208 1466 7453 758 4113 6152 2329 296 4670 5752 380 397 4312 510 5450 5674 0
2827 2079 3345 3144 5027 1310 6653 3853 715 6673 179 1422 614 7008 3491 2203 4054 1137 4096 5938 3023 852 2046 6906 1862 2759 433 2470 2242 7473 1060 4888 3916 6871 434 4566 4898 3848 3466 1877 1478 3988 579 6338 4311 4154 1601 2795 3159 7393 1970 6752 6828 7124 414 1721 1284 6579 4000 393 4709 4845 5274 3681 6271 6425 6151 1016 6251 2868 1845 1827 1941 4641 3590 2071 6846 2909 6957 3623 4555 1884 6728 5644 1474 5311 1390 0
6478 5599 4668 1971 2443 1386 5605 1391 6552 2717 6370 911 3691 2384 4918 945 1202 4395 63 4880 1957 4550 456 7317 7220 1036 5483 3205 7030 4934 125 5413 3822 1182 4694 2707 702 6300 1042 799 3735 3493 5023 4937 6366 2026 4166 1037 5106 2839 27 3419 7452 1354 7174 4126 2479 171 4680 6513 6940 3564 4773 4756 5686 5567 4836 5827 890 3643 1964 7449 2504 6856 5240 31 4490 5850 3904 1411 3659 572 3398 3050 1860 4572 1980 0
7486 5962 6795 416 7015 6902 237 2074 836 4650 2708 4510 2018 3162 1010 5067 865 5807 2883 3745 917 546 6098 6123 3474 4523 6594 4920 1584 6539 1954 4988 3667 3849 3255 5258 4288 3510 6134 4570 3306 1172 3464 7282 762 6269 3048 3527 6376 3966 7139 2567 23 2306 5471 1147 1300 5564 3371 2419 732 3547 2897 5501 93 516 5052 5188 7312 6114 6101 1634 4095 7034 1002 1989 2181 407 2206 1311 1922 5038 4359 1768 4392 6986 1517 0
1199 3790 7010 3905 6434 6655 5026 3240 3913 4579 6721 4148 3501 5104 4068 149 3761 1586 2238 4442 7178 5338 1087 5919 6006 1713 6122 2532 4266 4255 3133 5496 289 3713 7363 4945 2228 4589 6013 3194 364 744 4262 5728 5560 4276 5771 5365 6357 5841 2565 4953 7513 5745 5877 4112 4594 5904 5572 2632 3690 3341 3302 7214 1272 670 3577 378 3846 7090 4890 1859 3353 218 4259 468 4484 2650 933 6109 2014 2509 1189 1275 5976 1548 172 0
2305 2872 1245 7319 5817 1140 971 1697 4050 6595 2955 2410 3893 2440 3068 1351 3247 2655 2579 281 6274 3795 15 2312 3015 2690 472 4868 3558 3011 676 7101 3207 60 29 3816 477 7233 2932 2696 386 17 4684 1887 1006 5868 1736 2166 8 238 98 553 2902 6214 3581 5515 1097 1942 1488 2019 517 5266 7035 7468 1803 4391 7223 1684 1764 5490 2572 977 6537 1771 6678 7380 7159 825 1485 7526 789 3237 645 2415 7183 4423 7075 0
6235 4130 6010 6153 5760 6720 2946 2324 6358 1239 3955 6737 1251 4884 4778 855 1828 2992 321 3615 7321 4894 6397 7489 5033 2731 4041 5833 3253 4915 1737 498 4336 6324 4906 1448 189 231 1 3531 3174 7564 1028 1413 761 4569 56 6083 2457 1123 411 6310 1026 2801 5601 4867 3461 4881 2334 139 167 3728 204 5931 5401 7072 5037 6323 6746 7548 2729 1353 7531 4332 2960 1591 4388 6141 6665 5762 1874 5705 7555 622 6816 796 7504 0
6174 1890 6065 7087 5943 7329 1011 7356 3460 6930 192 2740 210 1703 1201 5730 339 5660 4629 6126 7043 6792 5439 92 743 4834 2315 6423 3654 5102 4608 7069 926 350 2191 4791 4895 1647 1180 6946 1063 1790 5114 4772 2550 5464 4081 812 6322 6832 3875 5863 205 3475 4435 3095 2537 2948 1117 4965 2204 6802 4875 3241 1274 3055 6896 7167 2918 3250 1518 2833 4053 5378 7324 1996 3650 4698 3536 2219 6445 5643 4537 5247 2246 6230 7471 0
6268 5175 1646 106 2983 4889 3857 5446 4936 5068 887 4433 2928 3387 5650 217 1621 881 324 3339 5088 2447 7538 7567 1683 3861 1400 2199 3574 4482 4344 5066 3279 4977 5285 1144 1698 6676 4814 6699 2847 6146 6399 989 7095 6364 5473 5063 5991 5634 501 3821 4055 1630 6611 7419 4807 2008 3721 1184 922 5653 7532 2950 5121 2003 6297 2991 5593 3618 6913 1664 6973 1019 5932 7498 401 3621 2429 6523 2904 6068 2383 7558 317 1468 6207 0
3040 3820 191 1530 6259 976 4749 6053 6972 3060 2884 1658 5298 4326 2056 4992 4080 3044 5374 7459 4957 562 2365 6822 5821 4291 6738 1826 6970 2820 4133 1752 4382 7187 1126 1261 7369 3888 1094 6446 2042 5872 896 6016 2143 740 2271 7304 4764 133 4377 6365 6047 2337 215 793 561 1319 507 6025 2092 5436 6788 4181 7375 5092 6886 1066 6334 5537 6951 7204 4618 750 4689 6172 7512 6804 1569 1096 2302 2460 5741 2407 3482 2586 6032 0
781 4024 5183 4198 6191 3425 6936 646 6794 7147 4346 6346 5195 3163 6977 3136 950 3074 7496 1853 5608 1188 785 5654 156 3110 3140 588 2533 102 1105 7143 3611 5402 4116 2529 529 283 6179 1157 2320 2835 6889 6530 2292 359 1981 4354 908 3435 6449 5287 2863 6756 1092 3579 6167 3771 431 2878 6770 5848 2503 3008 6994 3472 7328 4099 2679 1119 1020 7384 7456 5916 1492 5958 5029 429 2671 1264 487 3938 6095 1669 4468 7444 518 0
2808 6707 5265 1226 2876 1214 1613 587 629 455 1447 6256 3115 1509 2446 4903 7078 6551 7313 5834 7261 5548 7157 2823 4559 5196 2256 1560 5408 7136 4170 64 6331 2189 5369 1763 4331 3989 2038 4108 1882 6607 7022 227 2090 4821 3542 1607 565 2494 999 5056 6525 4405 5255 7146 1255 6477 3071 5870 4369 4882 3722 7435 3545 2664 4735 95 563 4822 1976 2113 1009 6716 779 161 600 7141 5225 4076 4800 5411 3333 1462 592 3490 5382 0
1256 2345 5179 5529 7389 5297 1788 5244 7289 4851 6624 4244 5200 1429 49 6860 3598 7395 2840 5380 6228 5607 582 3090 6061 305 4557 6584 5989 1024 5470 3736 3330 4317 5157 1046 2742 6841 6735 6769 4733 2142 5425 160 4422 6304 6670 7445 38 4107 1327 1225 474 6967 5780 5988 180 2297 4725 1349 5914 4964 5186 3599 1435 3107 719 5452 4263 1038 5343 3262 72 921 6090 3996 1762 2784 2916 628 6890 2961 3081 5997 6604 2762 4446 0
3582 5645 4222 5077 6236 1314 2555 5047 773 2858 5006 6619 4351 5843 5530 4536 4610 2346 430 5289 5823 589 1744 2240 5357 5399 2131 5008 2069 1944 1589 3137 6424 2421 4922 4627 7005 5379 6683 1619 3540 5640 7197 1815 5596 6140 5740 1416 5875 2710 3391 4832 2033 3498 3066 6359 4029 3687 3447 3553 2921 2367 6475 1270 6219 7391 3076 4508 28 5099 228 6375 4417 613 1785 10 6442 2910 4514 3190 5387 261 4634 3056 2701 1392 5695 0
7426 6203 6777 5677 1695 1210 2625 6609 259 652 5353 874 3768 3280 6731 4455 6042 2141 5908 2894 893 2260 234 1508 3452 942 5394 5766 1855 2214 594 2832 6606 552 2929 5541 7277 3141 6984 533 566 3298 4747 1577 701 5787 1690 3243 5457 6456 4306 6785 6983 5812 4083 2767 5024 4040 3907 5889 3702 6625 560 7252 7237 5019 4371 3504 2702 1738 899 6635 2558 6221 4507 1177 3807 6817 700 2954 2869 443 4534 395 3361 5010 6682 0
6933 4701 2601 6483 1143 4586 1880 4826 2589 2681 5545 4774 4315 1631 4303 4204 7151 1913 4776 4959 6824 4649 7148 7556 4132 524 998 3677 6489 2768 7433 1112 432 2102 1070 4705 4077 6836 128 90 4679 6386 3804 5954 698 6332 6923 6064 4141 2405 2516 5738 452 4278 122 3438 2476 6617 4253 247 7033 2139 2776 466 3850 7413 5282 3038 703 194 4118 2575 1230 5891 6482 3724 399 1479 3152 2857 4190 3922 7320 6698 3528 2467 6215 0
4806 459 6284 3318 7097 2295 7475 2502 3108 1208 4210 7371 4285 2342 3641 3083 5625 1141 3812 6962 3149 2892 6484 2161 4835 1442 2594 5064 1866 3801 4424 4419 5062 6980 4001 7560 1388 174 1693 3342 4612 2063 4801 4645 2675 2619 835 5727 3544 3992 6414 1948 5264 3827 4219 5034 4457 4637 4985 4247 6935 2986 4364 6412 3664 7423 7465 6729 6148 4182 5975 667 453 4497 7467 1171 5257 5528 7302 2261 6058 1496 6435 3734 3993 4971 3813 0
1235 4648 2157 3824 4512 5253 4553 6156 878 1426 5616 1064 6954 3593 927 3457 1869 5525 5556 6464 873 3120 2096 6382 7251 7455 3530 5683 2687 5718 1364 1051 5595 640 3443 5035 783 3346 2453 1027 4598 973 2841 4584 6084 1527 3786 6411 2865 547 5637 2009 4912 4361 4453 5779 313 3695 2750 2062 4543 2787 7150 22 2699 5347 4465 1512 3269 3991 2160 2539 551 496 6030 3340 5476 1336 3718 6242 385 4732 7422 754 752 1118 135 0
6117 486 3733 4028 1716 1579 6776 1059 6202 6806 5341 5957 711 5494 6688 4831 1205 5098 1156 2967 2080 2235 2049 4588 381 4686 2180 3836 2949 7436 470 7339 6426 3589 2612 6759 2718 5635 619 932 1636 3042 6481 1839 5123 4601 1561 978 1725 1302 4789 255 3202 4031 5303 3121 4620 4520 159 3047 1728 4625 5685 2741 2285 6978 372 2812 1338 4470 2551 3261 3012 2969 2066 1715 2775 6418 3880 1145 4481 5878 5880 4063 5167 6893 6723 0
6975 157 5829 308 5818 3363 2205 6741 4761 4817 2901 2104 3367 7415 2492 4277 1128 5959 3263 7219 6573 7065 5903 5455 5711 426 6882 3334 4406 5358 7462 7388 7230 246 2192 6115 2713 7171 5135 4286 7559 4956 4996 3949 146 6612 6517 946 523 4209 2234 6265 6979 5091 20 5447 4151 2196 620 4473 4173 3894 3151 1152 2826 3373 5912 6652 6258 3484 6907 1307 7071 1907 4931 1170 344 2371 1776 5335 833 3123 3450 2978 4155 4665 6086 0
199 1830 3562 3521 3182 755 4474 2226 6884 7410 464 3155 2606 1166 6813 4739 4695 6288 780 7543 3817 7242 2824 2636 6903 6719 5295 3396 5147 6149 2280 3762 2156 669 7062 5368 1434 4314 739 82 5334 1969 3265 503 7403 5280 5007 3604 4143 6900 1023 5424 5036 6112 3606 3866 3223 1343 5698 5093 4403 7383 3783 3525 6947 2473 333 266 7049 3627 6077 7266 4437 7059 6283 4380 4229 4373 311 1659 3109 4358 545 1271 7207 3653 3978 0
1260 3596 5139 3766 155 4938 593 5115 3784 5354 272 733 6180 6736 2739 687 2207 2356 351 6237 4153 1084 478 7497 1237 995 5454 3998 2211 3399 2704 6968 6764 7299 1732 1439 3410 5194 5475 5750 6136 7019 4102 1799 7195 3421 3591 4386 1167 1640 2821 1983 4061 6491 3883 2780 3982 6928 704 5148 6879 7153 1777 2548 4765 1461 7116 3968 1714 1321 1155 4823 1115 2433 7132 1198 6067 4511 3070 6775 5629 3093 3543 1927 2538 2608 3494 0
1923 1382 5272 4592 3873 6391 5513 5306 3084 1154 4990 5747 5767 4978 3497 6658 848 5658 2278 5860 681 3867 828 5373 2652 657 4249 6754 2842 3707 4451 5182 2304 3064 7070 558 5256 2250 7420 3454 6538 4146 4398 695 5555 328 3573 6842 3914 650 691 3595 1529 5294 5777 3029 3072 1098 5043 656 6598 714 3512 7514 4820 3287 569 3058 2815 9 2633 404 2067 4337 2125 531 7056 3688 2269 6130 841 4443 2048 839 1387 3209 663 0
58 7528 2239 6901 4942 5945 2940 4207 6807 6821 5883 4106 7082 1085 1263 2150 6380 2517 2746 6814 4707 117 5815 2432 713 6550 1909 712 5428 3815 6748 6045 6029 2735 7354 4984 3172 3314 555 1576 1953 2790 3218 4434 5577 1735 1712 2988 4180 4258 4208 808 1551 6023 2241 6687 5825 1555 3383 1480 3211 3986 5076 6732 4564 5994 2287 39 5321 1814 5712 5509 1956 5126 2599 3051 6649 3730 1374 6150 2471 5753 3246 7331 1252 1334 5972 0
1052 100 3336 282 6894 4571 25 2829 6534 5999 6138 5060 6708 2341 2202 175 3622 505 1781 6520 525 4310 2288 3303 2307 2667 5844 4355 4685 5013 6925 5884 4846 3089 1565 4768 3794 2574 5679 6644 643 3954 4652 5248 2078 3568 6351 520 570 1075 2112 5049 4678 5589 1287 5552 5142 880 2965 3272 6568 1267 3752 4048 6762 951 2895 1951 4472 6033 5125 4407 2772 1243 6282 3249 5518 1476 1102 2673 2906 1599 74 4715 720 4840 1962 0
7463 578 2402 7390 1306 3359 5612 5045 4319 925 7014 4397 1865 2053 3415 6774 1674 1843 5192 3254 2369 3580 4824 1301 5690 2637 4188 6503 2054 6924 1786 6956 2349 832 4893 1539 1848 383 260 4581 6981 4464 4847 1043 4186 16 4257 5676 4979 5015 983 3282 4777 3829 2448 4302 6173 1720 6000 3957 1649 3571 6969 2276 4885 493 6750 3845 3193 1142 277 57 6465 336 50 6004 3389 3552 5261 7293 6287 423 4117 7432 1791 7499 3312 0
5602 6651 2660 5370 6371 4250 7460 5772 3971 6314 782 4224 4085 1552 5151 4147 3385 6548 7372 4844 7427 2065 548 6717 6675 1934 530 3706 1477 2651 3025 4252 944 5434 1544 4033 535 5606 70 6853 2200 7509 83 1622 3895 5773 3003 6985 6997 539 2136 4619 2828 3114 5218 5598 3456 6497 76 6713 1774 7173 5657 7542 2116 1816 2923 6234 7245 1920 298 3715 1061 6103 2154 4056 6185 349 428 4916 5348 909 725 4828 7271 491 5899 0
6942 4891 5795 4554 435 5876 3787 7053 3980 1671 863 4384 2886 1033 2706 2060 4740 1030 1315 4409 4786 7180 937 4693 2522 6648 3386 6955 3434 6880 2631 3379 2386 4201 6301 1987 5243 7472 6558 362 935 2195 465 5213 4504 5828 4730 1549 369 4499 2797 3585 4357 996 229 5692 3924 3555 6043 6014 5926 6542 1425 1176 494 6404 4087 3045 1722 4275 5113 219 1883 2578 4720 4794 5785 3187 1888 6514 888 1370 389 4546 1148 6779 1333 0
2388 3974 99 595 5998 3920 2303 5441 4841 3126 4414 886 3453 163 1113 2216 1532 1259 4023 6943 5852 3646 1068 6303 475 2749 1643 1410 6189 1961 5992 3014 2482 304 3321 1952 7074 337 4103 2856 2374 1280 5206 1704 1074 2158 3125 3488 1467 6578 1212 5084 6326 4722 5210 1932 5417 5222 3503 185 6355 7041 6009 24 3476 4578 3405 6941 6934 3300 4925 2774 618 6186 7477 4782 2252 5869 3684 6840 1645 605 1592 1534 1352 2540 1241 0
497 843 4110 2695 7111 4206 3945 7002 4505 2378 1694 5579 3106 3258 61 1931 422 4251 4287 463 4162 3780 5574 4399 7381 5801 7539 6508 6325 2044 7268 1900 5671 5627 3374 3195 7048 2382 7521 4982 5482 4758 6849 3378 1316 6379 4448 1547 4127 1930 3744 2488 6005 3486 936 6437 815 1186 7294 7227 3010 6827 1510 253 6800 4871 2798 6887 1538 6209 7529 1553 6438 1812 300 6007 840 727 4766 462 5460 4149 2714 2562 3006 6196 264 0
2423 5205 3160 2941 2622 3749 4853 672 1871 4297 270 5309 4215 7064 3948 2614 6302 4753 1902 671 3605 1047 5003 1383 3696 2733 2644 1559 243 6837 176 1067 1248 3467 883 1724 4993 5474 3478 1291 6830 3324 7260 6073 3546 1673 6159 6629 1686 1638 2118 129 1605 1663 6965 6328 1397 559 366 6918 1754 734 6407 786 5961 3343 4711 2806 2425 3402 2167 4478 2111 2146 5001 5330 7540 5514 5449 1250 4907 2445 4995 6569 2286 6406 3933 0
3112 5896 3260 4731 5381 384 4513 2016 2669 2050 2122 2688 3946 6451 7018 1220 2209 5520 3370 5497 3806 822 2031 5384 7023 6469 5810 3057 4547 7335 3203 3204 5305 3245 635 3063 1190 5397 5651 3479 1076 567 5800 1049 7037 1089 3612 5892 4205 1766 2744 7360 1875 5656 5917 543 6528 2310 3725 4811 6765 2115 3462 3708 7140 5929 6751 2027 6589 4583 6108 6206 7316 2913 4657 4602 654 6022 1986 1174 3354 1017 4135 2908 1320 7552 1133 0
655 2844 5241 7046 5493 1330 3400 5588 726 3972 1679 6348 1575 297 2889 5433 2006 6799 2360 2603 1289 4775 4911 6637 2489 1460 3013 5290 2451 6564 4281 4624 3944 4120 2331 7355 2223 3349 1899 3644 6327 860 3856 4943 4961 3860 5638 2273 956 7170 1525 2520 2850 6565 2616 348 7409 1566 7451 4067 6664 6745 3409 6616 4487 3316 6863 4969 813 7508 3607 3407 276 4016 5421 284 2174 3469 2925 2030 3315 3570 3167 3127 5245 1345 3022 0
5078 2072 1767 182 1056 823 3777 6003 586 6877 4542 6127 7144 5420 5786 368 7083 4458 4094 7248 5614 6702 6809 6761 1221 5888 4626 4691 677 454 6093 1802 6440 3962 2911 126 901 6982 1417 2178 1925 6430 5956 6194 1375 4905 2639 4324 89 2907 5403 4020 4374 4189 1122 1329 5415 2376 4217 7374 707 3686 6461 14 3231 3789 576 2282 2566 1756 1967 2748 6852 6908 6384 6659 2958 4599 5604 285 5481 7484 4308 2397 3732 4815 3674 0
1164 3886 4128 4383 6035 1958 458 2236 763 6181 240 2462 3061 35 5940 2170 5783 445 1433 3727 1590 5693 728 765 5254 2549 6342 4872 4240 7399 4994 573 6313 5197 1295 3602 7249 3164 7569 5105 4854 6385 1409 3559 5770 1688 5729 5672 965 3169 6818 7231 5389 3317 2521 2511 6540 2834 4788 7021 3252 6387 3630 5649 5054 4669 2172 5666 4074 2663 127 43 1093 2338 6536 598 274 940 5322 6307 3436 6071 6012 2697 4838 3876 2128 0
1445 79 5668 4138 4671 2108 5893 1778 3259 3293 3550 3428 3740 7292 7190 325 2705 4897 814 5923 2788 1335 3229 1654 6749 2837 7479 4527 6485 2640 6225 4019 5184 4750 718 119 3671 396 1039 5112 1905 6213 2810 2678 5410 80 1432 148 5242 891 4785 4810 4792 4609 1013 7115 3588 6060 2029 4161 4396 6135 2648 4400 6993 48 2874 6293 2298 6987 6916 4798 3007 1741 2507 2732 1833 845 7211 1419 6959 3925 1515 3192 3078 7215 2041 0
4997 7507 1797 3798 4014 6408 7533 1648 7315 6266 1612 6898 2931 1546 771 4779 3427 831 5491 6155 4172 1455 1204 7154 5873 6811 1091 513 5484 753 5500 4283 4958 1519 5137 7203 421 2569 2769 1606 5802 6922 5642 4460 1494 3228 5096 1522 6592 6581 4986 2213 7188 4071 5799 2020 1247 130 3395 7461 2848 2164 1139 6026 2530 3139 867 6697 1940 444 200 7194 957 3116 788 4 5352 46 1484 4200 154 1979 1065 1197 6486 7241 1082 0
4489 1531 1116 2527 4073 6118 2818 7434 131 3549 352 2528 3483 1924 5480 1650 3772 158 6621 2853 257 3473 6239 1917 6212 7367 239 1505 4751 2870 150 5042 1389 354 7025 4318 634 2512 6267 847 6823 7536 7296 7481 6312 2915 6193 4611 6119 4463 5438 5522 1849 4328 5276 1369 6927 6204 5269 4274 4633 3077 5239 3669 4261 1408 1150 5846 3587 2127 5547 904 7553 4545 1420 5177 2357 2224 1758 1120 804 4939 406 1783 4432 121 2747 0
6919 3517 4717 3441 2110 2628 6447 1297 3171 4452 2194 4429 7264 626 2917 5046 5143 5953 18 4687 1493 3101 1457 3738 410 405 5180 4226 5984 5344 1253 6883 3799 343 556 6024 1266 170 5039 3242 3018 1472 826 2323 5830 5725 7270 4981 820 6680 6502 1533 6790 112 7534 4079 3301 2959 4862 6462 4745 1298 1213 1876 5477 6677 2994 75 5890 5342 1795 6046 1181 905 3858 5566 2344 3921 6885 6054 5053 2809 6744 3613 5832 5573 5971 0
6661 166 86 5856 5204 6996 2231 118 4420 6277 4604 6276 2689 4759 5563 1238 5331 3567 4343 3918 7098 4712 4519 6582 3417 2291 2176 2023 6805 2605 6710 3697 2783 7387 355 4963 1627 5915 3726 2350 5516 390 6360 4295 1541 3290 6570 1404 2089 5980 6958 3500 6963 3911 3609 3222 5286 631 7172 6350 5793 5736 2184 877 3973 5154 6253 6224 21 3926 7265 4498 5160 1787 1742 3422 3323 5734 1595 1947 3994 2851 6689 3294 4084 4738 2903 0
6631 2598 3248 4363 1801 5227 607 2387 2580 1124 6851 1146 4675 2498 1747 5986 6182 1340 85 5934 4721 7063 6825 4860 4552 7244 6858 1008 5317 1582 4305 3701 3002 913 4195 953 6490 7545 4376 2855 1350 5492 376 2692 6393 4658 5203 3872 7161 2464 5315 2381 4549 5130 4524 5235 1421 4708 4486 5406 885 1004 5468 6201 3251 4047 3678 988 5990 223 1034 4062 708 4485 5140 3561 2262 7421 7137 7225 3663 6801 4672 611 371 4471 7443 3
4595 4088 5724 460 522 4742 2465 7163 6912 5339 4857 7562 5141 2483 5531 3508 33 6512 689 4606 1804 3212 6937 7492 6599 938 5162 4280 2947 5307 77 3225 2487 299 3673 5028 2032 5540 1095 3221 1709 2428 6891 144 3037 1072 6909 3177 4228 1110 3825 4444 6245 5557 2683 6547 4617 6081 7036 1689 6176 1193 6843 4688 2321 6726 3220 5234 5229 3094 6306 3868 4662 3519 659 892 7240 3576 5792 5323 6910 7096 4795 7205 6052 3416 6789 9
6347 4022 7322 5070 580 4852 2084 1265 357 4848 4003 3234 7175 514 2590 4175 4940 5238 5271 1620 879 6057 3693 3711 2794 4168 6066 5968 3156 7437 6378 7001 198 114 2398 3322 436 1149 4342 519 315 6518 7274 7129 6419 5152 211 3352 4197 4932 3633 7091 1562 271 776 571 4027 3776 2300 5859 2753 4438 1209 7340 7029 4412 6190 6272 5849 132 6111 4124 3999 1304 287 6383 683 987 5715 4375 985 2364 5691 6556 760 6285 5806 24
216 5409 1838 7349 1908 2922 842 5510 5836 3640 4639 6587 2600 53 5534 4045 6857 660 5511 4307 4157 4185 2362 5757 6881 4212 915 4928 1438 3890 1891 2290 641 6920 2281 6971 679 6028 2393 3299 3624 1490 6082 7510 3541 4051 1723 3871 2587 3538 627 5109 71 382 4927 3366 4962 7373 5110 4540 5554 7377 3267 3021 1717 1393 3823 4203 5837 4017 5118 5928 2719 4416 7565 5866 1734 3515 417 5960 1491 4294 3656 5851 3158 1279 4323 63
2799 252 4098 2623 301 7279 7201 91 3295 420 5584 6559 1696 2229 7280 7202 2896 609 540 2098 4780 1437 5224 3919 3755 4991 4998 314 5217 5967 143 7126 3213 902 4647 1570 5423 5527 5751 1968 6222 6429 2210 7032 2501 5392 6367 6727 1283 2491 684 2333 3124 1502 849 2926 2803 7482 1730 5327 6309 4723 692 2693 5111 4428 2990 1588 3592 4999 4873 4034 5532 5340 3049 1851 6039 2804 2677 2352 5874 5359 1415 3369 3217 6961 373 176