2 100
14
100 5
200 2 1 0
200 3 3 0
200 3 5 0
200 2 3 0
200 5 3 0
200 1 2 0
200 4 2 0
200 3 1 2
200 2 5 0
200 4 4 1
200 1 4 2
200 5 1 0
200 5 5 0
36
100 10
200 2 3 0
200 2 5 0
200 2 7 0
200 3 9 0
200 5 8 0
200 5 6 0
200 5 4 0
200 7 9 0
200 8 7 0
200 8 5 0
200 8 3 0
200 6 2 0
200 4 2 0
200 9 9 0
200 10 8 0
200 10 6 0
200 10 4 0
200 9 2 0
200 2 4 0
200 2 6 0
200 2 8 0
200 4 9 0
200 6 9 0
200 4 5 0
200 6 5 1
200 8 4 0
200 8 6 0
200 10 7 0
200 10 5 0
200 10 3 0
200 4 7 0
200 8 8 6
200 7 2 0
200 5 2 0
200 3 2 23