1 100
3 2 6 10 
100 1 1 2 2 2 1 14629
100 1 2 2 3 1 2 10203
100 2 3 2 3 1 1 15374
100 2 4 1 2 2 1 10795
100 2 5 2 2 1 2 17701
100 2 6 1 3 2 2 13757
100 2 7 1 3 1 2 13569
100 2 8 1 3 2 2 17424
100 3 9 1 3 2 1 18267
100 3 10 2 3 1 2 11378
100 3 11 1 3 1 1 11800
100 3 12 2 3 2 2 16613
100 3 13 1 3 2 1 13157
100 3 14 2 3 1 2 10064
100 3 15 1 3 2 1 12999
100 3 16 1 3 1 2 13642
100 3 17 2 2 2 2 14388
100 3 18 2 2 2 2 16089
200 6 10 2 3 1 2 14
200 3 8 2 3 2 1 -1
200 11 12 2 3 1 2 14
200 20 24 1 2 2 2 -1
200 20 23 2 2 1 2 5
200 8 12 1 2 1 2 -1
300 2 97479
200 26 30 1 2 2 2 -1
300 2 107225
200 15 16 1 3 2 2 6
200 7 10 2 3 1 2 2
200 17 19 2 2 1 2 5
200 8 9 2 3 2 1 -1
200 21 26 2 3 2 2 12
200 26 30 1 3 1 1 11
200 23 24 1 3 1 2 16
300 3 152231
200 3 6 1 2 2 1 4
200 8 12 2 2 1 1 -1
200 13 16 2 2 1 1 -1
400